363 0.397625 0.40744444444444444 0.0859375 0.2569444444444444
237 0.10406249999999995 0.17800000000000005 0.08203125 0.2013888888888889
357 0.5945 0.4152222222222222 0.0859375 0.2569444444444444
249 0.7804375 0.5365555555555556 0.08203125 0.2013888888888889
255 0.269 0.6890000000000001 0.08203125 0.2013888888888889
157 0.9598359375 0.3926666666666667 0.08032812500000013 0.2013888888888889
68 0.9598359375 0.3926666666666667 0.08032812500000013 0.2013888888888889
368 0.9352968749999999 0.31627777777777777 0.021484375 0.03819444444444445
359 0.8521875000000001 0.40355555555555556 0.0859375 0.2569444444444444
249 0.08525 0.43077777777777776 0.08203125 0.2013888888888889
365 0.9344374999999999 0.1943333333333333 0.0859375 0.2569444444444444
95 0.5074375 0.48055555555555557 0.08203125 0.2013888888888889
70 0.5074375 0.48055555555555557 0.08203125 0.2013888888888889
357 0.03610937500000002 0.8965416666666667 0.07221875000000004 0.2069166666666667
243 0.8342499999999999 0.20211111111111107 0.08203125 0.2013888888888889
354 0.9669531250000001 0.7582222222222221 0.06609374999999992 0.2569444444444444
205 0.036664062500000004 0.626 0.07332812500000001 0.2013888888888889
70 0.036664062500000004 0.626 0.07332812500000001 0.2013888888888889
368 0.008832031250000006 0.5496111111111112 0.01766406250000001 0.03819444444444445
151 0.13381250000000003 0.8639999999999999 0.08203125 0.2013888888888889
247 0.9661796875 0.07790277777777778 0.06764062499999994 0.15580555555555556
265 0.65925 0.33199999999999996 0.08203125 0.20138888888888884
238 0.672375 0.15 0.08203125 0.2013888888888889
31 0.3166875 0.47744444444444445 0.08203125 0.2013888888888889
76 0.3166875 0.47744444444444445 0.08203125 0.2013888888888889
234 0.306921875 0.43577777777777776 0.033203125 0.059027777777777776
230 0.3166875 0.47744444444444445 0.08203125 0.2013888888888889
3 0.500875 0.3506666666666667 0.08203125 0.2013888888888889
68 0.500875 0.3506666666666667 0.08203125 0.2013888888888889
73 0.500875 0.3506666666666667 0.08203125 0.2013888888888889
24 0.6036875 0.18422222222222223 0.08203125 0.2013888888888889
79 0.6036875 0.18422222222222223 0.08203125 0.2013888888888889
233 0.593921875 0.1425555555555556 0.033203125 0.059027777777777776
13 0.269875 0.07984722222222224 0.08203125 0.15969444444444447
68 0.269875 0.07984722222222224 0.08203125 0.15969444444444447
235 0.260109375 0.023423611111111124 0.033203125 0.04684722222222225
16 0.2230625 0.8811111111111113 0.08203125 0.2013888888888889
79 0.2230625 0.8811111111111113 0.08203125 0.2013888888888889
232 0.213296875 0.8394444444444445 0.033203125 0.059027777777777776
12 0.0357890625 0.13133333333333333 0.071578125 0.2013888888888889
69 0.0357890625 0.13133333333333333 0.071578125 0.2013888888888889
77 0.0357890625 0.13133333333333333 0.071578125 0.2013888888888889
235 0.020796874999999916 0.08966666666666667 0.033203125 0.059027777777777776
44 0.917375 0.4875555555555556 0.08203125 0.2013888888888889
74 0.917375 0.4875555555555556 0.08203125 0.2013888888888889
26 0.4619375 0.11811111111111106 0.08203125 0.2013888888888889
76 0.4619375 0.11811111111111106 0.08203125 0.2013888888888889
233 0.452171875 0.07644444444444447 0.033203125 0.059027777777777776
281 0.10187500000000002 0.7613333333333333 0.03125 0.05555555555555555
0 0.31367185625 0.7027777888888889 0.08203125 0.2013888888888889
68 0.31367185625 0.7027777888888889 0.08203125 0.2013888888888889
79 0.31367185625 0.7027777888888889 0.08203125 0.2013888888888889
232 0.30390623125 0.6611111222222222 0.033203125 0.059027777777777776
231 0.3810546875 0.696041688888889 0.08203125 0.20138888888888898
17 0.44707033124999995 0.6991663333333333 0.08203125 0.2013888888888889
69 0.44707033124999995 0.6991663333333333 0.08203125 0.2013888888888889
77 0.44707033124999995 0.6991663333333333 0.08203125 0.2013888888888889
232 0.43730470624999995 0.6574996666666667 0.033203125 0.059027777777777776
31 0.5111328 0.690277811111111 0.08203125 0.2013888888888888
74 0.5111328 0.690277811111111 0.08203125 0.2013888888888888
231 0.5789062312500001 0.6975000222222222 0.08203125 0.2013888888888889
43 0.64394533125 0.6954861222222222 0.08203125 0.2013888888888889
74 0.64394533125 0.6954861222222222 0.08203125 0.2013888888888889
230 0.64394533125 0.6954861222222222 0.08203125 0.2013888888888889
231 0.7062500125 0.6954861222222222 0.08203125 0.2013888888888889
231 0.7722656125 0.7074305333333333 0.08203125 0.2013888888888888
273 0.1607422 0.2396528111111111 0.021484375 0.03819444444444445
273 0.1677734375 0.4006944222222222 0.021484375 0.03819444444444445
59 0.86835938125 0.8340277888888888 0.09375 0.2125
